PORT=3000
MOTOR_RPM=5
MOTOR_STEPS=2048
MOTOR_CURRENT=0.8
MOTOR_DISTANCE=1000
GPS_LATITUDE=45.919424636320805
GPS_LONGITUDE=-122.65026684962268
